201145900296
201145900297
201145900298
201145900299
201145900301
201145900302
201145900303
201145900304
201102924267
201102924268
201102924269
201102924270
201102924271
201102924272
201102924273
201102924274
201102924275
201102924276
201128310250
201128310251
201128310252
201128310253
201128310254
201128310255
201128310256
201128310257
201128310258
201128310259
255713016018
255653328593
255654178256
255659483359
255653063300
255710119300
255676095104
255659796838
255715071273
255653249986
255650249593
255674930276
255777888280
255657187172
255778990929
255670178393
255713749920
255671466609
255770065685
255657808620
255658170319
255672125325
255655290724
255657928164
255718402684
255652243240
255653331982
255673638359
255658255681
255655283065